26
26
54456456
01234567890123456789012345
50123456789012345678901234
45012345678901234567890123
34501234567890123456789012
23450123456789012345678901
12345012345678901234567890
01234501234567890123456789
90123450123456789012345678
87012345012345678901234567
78701234501234567890123456
67870123450123456789012345
56787012345012345678901234
45678701234501234567890123
34567870123450123456789012
23456787012345012345678901
12345678701234501234567890
01234567870123450123456789
90123456787012345012345678
89012345678701234501234567
78901234567870123450123456
67890123456787012345012345
56789012345678701234501234
45678901234567870123450123
34567890123456787012345012
23456789012345678701234501
12345678901234567870123450